the number of tasks:50
19,115.6435,40.262,1,86400000%86400000%0.131083307196891%0.0655416535984455
30,78.904,46.0555,1,86400000%86400000%0.387917385244704%0.193958692622352
48,102.4735,35.394,1,86400000%86400000%0.314216252748955%0.1571081263744775
67,90.54525,37.5146,1,86400000%86400000%0.144504587698963%0.0722522938494815
80,65.53,62.3545,1,86400000%86400000%0.574854506447378%0.287427253223689
108,102.6745,25.1825,1,86400000%86400000%0.0544441421769765%0.02722207108848825
109,127.5075,38.365,1,86400000%86400000%0.0837799821439106%0.0418899910719553
114,90.6555,32.2215,1,86400000%86400000%0.423736835189041%0.2118684175945205
146,112.43565,26.7164,1,86400000%86400000%0.251923791808972%0.125961895904486
148,103.055,24.7545,1,86400000%86400000%0.375238247390482%0.187619123695241
153,112.8,28.6035,1,86400000%86400000%0.219531768010711%0.1097658840053555
228,85.5955,33.78,1,86400000%86400000%0.470849875952513%0.2354249379762565
240,80.013,41.0195,1,86400000%86400000%0.199376871343412%0.099688435671706
243,116.892,35.837,1,86400000%86400000%0.4664196584683%0.23320982923415
279,114.4535,21.786,1,86400000%86400000%0.0530245693647417%0.02651228468237085
289,101.20315,30.0982,1,86400000%86400000%0.191137285060779%0.0955686425303895
333,105.8219,23.54965,1,86400000%86400000%0.492467452442491%0.2462337262212455
349,-94.8355,33.665,1,86400000%86400000%0.208002720311285%0.1040013601556425
357,151.4715,-32.9435,1,86400000%86400000%0.427015096148017%0.2135075480740085
432,93.845,41.5575,1,86400000%86400000%0.0951918919082693%0.04759594595413465
433,114.4535,21.786,1,86400000%86400000%0.0295563217390125%0.01477816086950625
442,91.4875,43.0635,1,86400000%86400000%0.354165028573091%0.1770825142865455
461,133.046,38.1645,1,86400000%86400000%0.531440133290105%0.2657200666450525
468,103.588,25.99,1,86400000%86400000%0.0904913591642358%0.0452456795821179
504,112.848,22.064,1,86400000%86400000%0.0323900459485082%0.0161950229742541
511,116.2845,36.5215,1,86400000%86400000%0.387738051911694%0.193869025955847
530,94.2325,32.095,1,86400000%86400000%0.307602296074667%0.1538011480373335
537,106.572,37.568,1,86400000%86400000%0.381926678950864%0.190963339475432
544,78.1015,39.4305,1,86400000%86400000%0.0616482091423349%0.03082410457116745
557,98.8465,26.013,1,86400000%86400000%0.171179014710327%0.0855895073551635
579,113.3095,22.5645,1,86400000%86400000%0.477893754689905%0.2389468773449525
600,73.2395,43.745,1,86400000%86400000%0.557677603027633%0.2788388015138165
611,93.5495,32.085,1,86400000%86400000%0.424604279186858%0.212302139593429
638,91.16,32.085,1,86400000%86400000%0.534258806395465%0.2671294031977325
683,113.486,36.5735,1,86400000%86400000%0.535098043333319%0.2675490216666595
722,100.3141,26.90875,1,86400000%86400000%0.324998302722815%0.1624991513614075
724,79.95885,43.6137,1,86400000%86400000%0.596694226561437%0.2983471132807185
731,176.8951,51.73715,1,86400000%86400000%0.529753093947541%0.2648765469737705
779,79.9984,42.88085,1,86400000%86400000%0.165956097452881%0.0829780487264405
785,92.9015,43.057,1,86400000%86400000%0.314473847632517%0.1572369238162585
800,127.5075,38.365,1,86400000%86400000%0.530446624630339%0.2652233123151695
819,116.2845,36.5215,1,86400000%86400000%0.26625879391388%0.13312939695694
823,115.6764,39.5662,1,86400000%86400000%0.0240456850379918%0.0120228425189959
837,115.0525,37.12145,1,86400000%86400000%0.290346256313075%0.1451731281565375
900,91.7255,32.0695,1,86400000%86400000%0.490467968997763%0.2452339844988815
923,94.034,43.57,1,86400000%86400000%0.0514383735374726%0.0257191867687363
942,-91.448,38.482,1,86400000%86400000%0.303498581658815%0.1517492908294075
972,-89.192,32.832,1,86400000%86400000%0.367113336160366%0.183556668080183
980,94.3815,32.0965,1,86400000%86400000%0.104694594119068%0.052347297059534
993,37.755,49.2905,1,86400000%86400000%0.431049027028982%0.215524513514491