the number of tasks:100
4,176.8951,51.73715,1,86400000%86400000%0.292405570062066%0.146202785031033
5,92.9015,43.057,1,86400000%86400000%0.570868847505594%0.285434423752797
17,94.925,32.069,1,86400000%86400000%0.461844613990674%0.230922306995337
18,91.4381,40.2062,1,86400000%86400000%0.315084520129061%0.1575422600645305
29,78.904,46.0555,1,86400000%86400000%0.505780183386887%0.2528900916934435
43,-99.8425,38.091,1,86400000%86400000%0.0606231451316844%0.0303115725658422
52,96.4635,32.7225,1,86400000%86400000%0.265137875017309%0.1325689375086545
55,87.727,44.4155,1,86400000%86400000%0.594988729150495%0.2974943645752475
59,93.9975,40.069,1,86400000%86400000%0.124161577096284%0.062080788548142
84,95.5605,42.639,1,86400000%86400000%0.248393401805495%0.1241967009027475
85,92.309,32.0735,1,86400000%86400000%0.412778654048582%0.206389327024291
107,147.63885,-31.8442,1,86400000%86400000%0.155575769187685%0.0777878845938425
116,94.2325,32.095,1,86400000%86400000%0.495718697689343%0.2478593488446715
127,-85.9045,37.736,1,86400000%86400000%0.283360630685166%0.141680315342583
172,92.9135,32.0785,1,86400000%86400000%0.206909367817877%0.1034546839089385
180,78.697,47.143,1,86400000%86400000%0.182366562160834%0.091183281080417
183,91.4381,40.2062,1,86400000%86400000%0.470164559814224%0.235082279907112
191,91.4381,40.2062,1,86400000%86400000%0.267138064218284%0.133569032109142
192,92.9015,43.057,1,86400000%86400000%0.496728062674742%0.248364031337371
203,19.04235,-33.95965,1,86400000%86400000%0.429512770580832%0.214756385290416
204,112.848,22.064,1,86400000%86400000%0.150637969910464%0.075318984955232
217,78.697,47.143,1,86400000%86400000%0.276515955979245%0.1382579779896225
225,-83.516,36.5945,1,86400000%86400000%0.557602628021316%0.278801314010658
226,95.1745,40.009,1,86400000%86400000%0.463378385483929%0.2316891927419645
263,106.8095,33.365,1,86400000%86400000%0.533676012108883%0.2668380060544415
268,105.8219,23.54965,1,86400000%86400000%0.527699711233238%0.263849855616619
277,78.697,47.143,1,86400000%86400000%0.322211367693828%0.161105683846914
282,115.2523,37.8907,1,86400000%86400000%0.083777920754523%0.0418889603772615
284,99.2985,36.526,1,86400000%86400000%0.524871511815522%0.262435755907761
291,112.8,28.6035,1,86400000%86400000%0.097378385671125%0.0486891928355625
320,127.5075,38.365,1,86400000%86400000%0.327035786363779%0.1635178931818895
338,115.668,36.5675,1,86400000%86400000%0.171484119059278%0.085742059529639
361,94.034,43.57,1,86400000%86400000%0.118319737314395%0.0591598686571975
383,12.654,44.865,1,86400000%86400000%0.0578696502642099%0.02893482513210495
390,80.013,41.0195,1,86400000%86400000%0.274767502152718%0.137383751076359
394,118.525,30.9895,1,86400000%86400000%0.573937114129745%0.2869685570648725
405,106.61,22.7825,1,86400000%86400000%0.261803896195164%0.130901948097582
420,-77.1515,43.4985,1,86400000%86400000%0.216149902537535%0.1080749512687675
422,118.1105,31.709,1,86400000%86400000%0.261594338557494%0.130797169278747
425,-117.3875,37.2605,1,86400000%86400000%0.095251084070304%0.047625542035152
432,93.845,41.5575,1,86400000%86400000%0.0951918919082693%0.04759594595413465
433,114.4535,21.786,1,86400000%86400000%0.0295563217390125%0.01477816086950625
435,90.613,43.2075,1,86400000%86400000%0.361621582490216%0.180810791245108
446,93.5495,32.085,1,86400000%86400000%0.421949470612197%0.2109747353060985
487,103.0555,24.732,1,86400000%86400000%0.551518324367478%0.275759162183739
489,113.5555,34.634,1,86400000%86400000%0.00216405205529372%0.00108202602764686
490,92.312,33.2655,1,86400000%86400000%0.527516660246773%0.2637583301233865
514,105.8219,23.54965,1,86400000%86400000%0.158210446386696%0.079105223193348
517,151.4715,-32.9435,1,86400000%86400000%0.258501209252747%0.1292506046263735
518,92.309,32.0735,1,86400000%86400000%0.569939877823899%0.2849699389119495
525,94.8885,43.025,1,86400000%86400000%0.292848259440087%0.1464241297200435
528,-83.5145,44.439,1,86400000%86400000%0.343910657681483%0.1719553288407415
566,147.63885,-31.8442,1,86400000%86400000%0.294059207520475%0.1470296037602375
570,-95.672,34.9715,1,86400000%86400000%0.13959848375041%0.069799241875205
580,108.2225,23.8075,1,86400000%86400000%0.439524124394881%0.2197620621974405
581,-80.5265,41.968,1,86400000%86400000%0.573678749787472%0.286839374893736
595,16.561,40.1895,1,86400000%86400000%0.259180318591735%0.1295901592958675
597,115.6764,39.5662,1,86400000%86400000%0.0200652625505185%0.01003263127525925
608,115.0525,37.12145,1,86400000%86400000%0.488901089825156%0.244450544912578
610,7.3465,47.0055,1,86400000%86400000%0.298700038482761%0.1493500192413805
613,8.417,46.5825,1,86400000%86400000%0.192727406971495%0.0963637034857475
646,100.1305,43.1315,1,86400000%86400000%0.537900364463171%0.2689501822315855
661,91.7255,32.0695,1,86400000%86400000%0.384978269778648%0.192489134889324
664,88.6085,37.4225,1,86400000%86400000%0.457530195013401%0.2287650975067005
680,78.697,47.143,1,86400000%86400000%0.520598448310326%0.260299224155163
701,102.1255,25.1855,1,86400000%86400000%0.238236038032098%0.119118019016049
709,103.0555,24.732,1,86400000%86400000%0.245519068951495%0.1227595344757475
710,8.417,46.5825,1,86400000%86400000%0.544102101095068%0.272051050547534
713,113.486,36.5735,1,86400000%86400000%0.248056551836457%0.1240282759182285
720,96.2555,41.658,1,86400000%86400000%0.1349214435252%0.0674607217626
722,100.3141,26.90875,1,86400000%86400000%0.324998302722815%0.1624991513614075
729,115.2523,37.8907,1,86400000%86400000%0.0545775208876364%0.0272887604438182
739,115.22215,38.6038,1,86400000%86400000%0.0210110049792617%0.01050550248963085
744,176.8951,51.73715,1,86400000%86400000%0.450222661555848%0.225111330777924
745,4.3755,51.4435,1,86400000%86400000%0.0837524249608407%0.04187621248042035
753,91.4777,40.8878,1,86400000%86400000%0.298721159202383%0.1493605796011915
756,-118.285,38.5505,1,86400000%86400000%0.47121572535076%0.23560786267538
758,95.477,36.336,1,86400000%86400000%0.430415158453591%0.2152075792267955
769,89.4365,36.5715,1,86400000%86400000%0.00752963964246662%0.00376481982123331
779,79.9984,42.88085,1,86400000%86400000%0.165956097452881%0.0829780487264405
783,121.7295,22.7275,1,86400000%86400000%0.539023704053379%0.2695118520266895
820,95.477,36.336,1,86400000%86400000%0.350491846422894%0.175245923211447
823,115.6764,39.5662,1,86400000%86400000%0.0240456850379918%0.0120228425189959
831,151.473,-32.9655,1,86400000%86400000%0.478649961333093%0.2393249806665465
858,19.1102,-33.1265,1,86400000%86400000%0.0429824749207974%0.0214912374603987
863,99.439,41.69,1,86400000%86400000%0.444887594433915%0.2224437972169575
881,-77.1515,43.4985,1,86400000%86400000%0.464208120416947%0.2321040602084735
884,112.9381,28.2185,1,86400000%86400000%0.00880855210535626%0.00440427605267813
893,121.462,30.708,1,86400000%86400000%0.521304638181489%0.2606523190907445
895,-84.7595,36.5915,1,86400000%86400000%0.41542642489794%0.20771321244897
896,112.4503,26.046,1,86400000%86400000%0.316259499227749%0.1581297496138745
902,112.9381,28.2185,1,86400000%86400000%0.0897894611068952%0.0448947305534476
922,92.211,43.057,1,86400000%86400000%0.297427647419939%0.1487138237099695
924,116.2845,36.5215,1,86400000%86400000%0.341625639117148%0.170812819558574
927,115.0118,37.76115,1,86400000%86400000%0.576713613689278%0.288356806844639
968,115.954,38.195,1,86400000%86400000%0.456005225636067%0.2280026128180335
970,90.5765,36.3235,1,86400000%86400000%0.221861115108179%0.1109305575540895
985,67.2235,41.0945,1,86400000%86400000%0.375087592739187%0.1875437963695935
990,-83.5145,44.439,1,86400000%86400000%0.254881144061164%0.127440572030582
996,79.6335,40.5295,1,86400000%86400000%0.0619480454651397%0.03097402273256985